00000011111111111111100000000000
00000000000000010001000000100000
10101100000000100000000000000000
00000000000000010001100000100010
10101100000000110000000000000001
00000000000000010010000000100100
10101100000001000000000000000010
00000000000000010010100000100101
10101100000001010000000000000011
00000000000000010011000000101010
10101100000001100000000000000100
00001000000000000000000000000001
00000000000000010111100000000000
00000001010000000000000000000000
00000011011011110000111100001111
00000001100000000000000000000000
00000000000000010001000000000000
00000011101011110000111100001111
00000001110000000000000000000000
00000011111011110000111100001111
00000000000000000000000000000000
00000011001011110000111100001111
00000000010000000000000000000000
00001111011011110000111100001111
00000000100000000000000000000000
00000000000000010001000000000000
00000000110000000000000000000000
00001111111011110000111100001111
00000000000000000000000000000000
00001111001011110000111100001111
00000000010000000000000000000000
00001111011011110000111100001111
00000000100000000000000000000000
00001111101011110000111100001111
00000000110000000000000000000000
00001111111011110000111100001111
00000000000000000000000000000000
00001111001011110000111100001111
00000000100000000000000000000000
00001111101011110000111100001111
00000000000000000000000000000000
00001111001011110000111100001111
00000000000000000000000000000000
00001111001011110000111100001111
00000000100000000000000000000000
00001111101011110000111100001111
00000000100000000000000000000000
00001111101011110000111100001111
00000000000000000000000000000000
00001111001011110000111100001111
00000000000000000000000000000000
00001111001011110000111100001111
00000000000000000000000000000000
00001111001011110000111100001111
00000000000000000000000000000000
00001111000011110000111100001111
00000000000000000000000000000000
00001111000011110000111100001111
00000000000000000000000000000000
00001111000011110000111100001111
00000000000000000000000000000000
00001111000011110000111100001111
00000000000000000000000000000000
00001111000011110000111100001111
00000000000000000000000000000000
00001111000011110000111100001111
00000000000000000000000000000000
00001111000011110000111100001111
00000000000000000000000000000000
00001111000011110000111100001111
00000000000000000000000000000000
00001111000011110000111100001111
00000000000000000000000000000000
00001111000011110000111100001111
00000000000000000000000000000000
00001111000011110000111100001111
00000000000000000000000000000000
00001111000011110000111100001111
00000000000000000000000000000000
00001111000011110000111100001111
00000000000000000000000000000000
00001111000011110000111100001111
00000000000000000000000000000000
00001111000011110000111100001111
00000000000000000000000000000000
00001111000011110000111100001111
00000000000000000000000000000000
00001111000011110000111100001111
00000000000000000000000000000000
00001111000011110000111100001111
00000000000000000000000000000000
00001111000011110000111100001111
00000000000000000000000000000000
00001111000011110000111100001111
00000000000000000000000000000000
00001111000011110000111100001111
00000000000000000000000000000000
00001111000011110000111100001111
00000000000000000000000000000000
00001111000011110000111100001111
00000000000000000000000000000000
00001111000011110000111100001111
00000000000000000000000000000000
00001111000011110000111100001111
00000000000000000000000000000000
00001111000011110000111100001111
00000000000000000000000000000000
00001111000011110000111100001111
00000000000000000000000000000000
00001111000011110000111100001111
00000000000000000000000000000000
00001111000011110000111100001111
00000000000000000000000000000000
00001111000011110000111100001111
00000000000000000000000000000000
00001111000011110000111100001111
00000000000000000000000000000000
00001111000011110000111100001111
00000000000000000000000000000000
00001111000011110000111100001111
00000000000000000000000000000000
00001111000011110000111100001111
00000000000000000000000000000000
00001111000011110000111100001111
00000000000000000000000000000000
00001111000011110000111100001111
00000000000000000000000000000000
00001111000011110000111100001111
00000000000000000000000000000000
00001111000011110000111100001111
00000000000000000000000000000000
00001111000011110000111100001111
00000000000000000000000000000000
00001111000011110000111100001111
00000000000000000000000000000000
00001111000011110000111100001111
00000000000000000000000000000000
00001111000011110000111100001111
00000000000000000000000000000000
00001111000011110000111100001111
00000000000000000000000000000000
00001111000011110000111100001111
00000000000000000000000000000000
00001111000011110000111100001111
00000000000000000000000000000000
00001111000011110000111100001111
00000000000000000000000000000000
00001111000011110000111100001111
00000000000000000000000000000000
00001111000011110000111100001111
00000000000000000000000000000000
00001111000011110000111100001111
00000000000000000000000000000000
00001111000011110000111100001111
00000000000000000000000000000000
00001111000011110000111100001111
00000000000000000000000000000000
00001111000011110000111100001111
00000000000000000000000000000000
00001111000011110000111100001111
00000000000000000000000000000000
00001111000011110000111100001111
00000000000000000000000000000000
00001111000011110000111100001111
00000000000000000000000000000000
00001111000011110000111100001111
00000000000000000000000000000000
00001111000011110000111100001111
00000000000000000000000000000000
00001111000011110000111100001111
00000000000000000000000000000000
00001111000011110000111100001111
00000000000000000000000000000000
00001111000011110000111100001111
00000000000000000000000000000000
00001111000011110000111100001111
00000000000000000000000000000000
00001111000011110000111100001111
00000000000000000000000000000000
00001111000011110000111100001111
00000000000000000000000000000000
00001111000011110000111100001111
00000000000000000000000000000000
00001111000011110000111100001111
00000000000000000000000000000000
00001111000011110000111100001111
00000000000000000000000000000000
00001111000011110000111100001111
00000000000000000000000000000000
00001111000011110000111100001111
00000000000000000000000000000000
00001111000011110000111100001111
00000000000000000000000000000000
00001111000011110000111100001111
00000000000000000000000000000000
00001111000011110000111100001111
00000000000000000000000000000000
00001111000011110000111100001111
00000000000000000000000000000000
00001111000011110000111100001111
00000000000000000000000000000000
00001111000011110000111100001111
00000000000000000000000000000000
00001111000011110000111100001111
00000000000000000000000000000000
00001111000011110000111100001111
00000000000000000000000000000000
00001111000011110000111100001111
00000000000000000000000000000000
00001111000011110000111100001111
00000000000000000000000000000000
00001111000011110000111100001111
00000000000000000000000000000000
00001111000011110000111100001111
00000000000000000000000000000000
00001111000011110000111100001111
00000000000000000000000000000000
00001111000011110000111100001111
00000000000000000000000000000000
00001111000011110000111100001111
00000000000000000000000000000000
00001111000011110000111100001111
00000000000000000000000000000000
00001111000011110000111100001111
00000000000000000000000000000000
00001111000011110000111100001111
00000000000000000000000000000000
00001111000011110000111100001111
00000000000000000000000000000000
00001111000011110000111100001111
00000000000000000000000000000000
00001111000011110000111100001111
00000000000000000000000000000000
00001111000011110000111100001111
00000000000000000000000000000000
00001111000011110000111100001111
00000000000000000000000000000000
00001111000011110000111100001111
00000000000000000000000000000000
00001111000011110000111100001111
00000000000000000000000000000000
00001111000011110000111100001111
00000000000000000000000000000000
00001111000011110000111100001111
00000000000000000000000000000000
00001111000011110000111100001111
00000000000000000000000000000000
00001111000011110000111100001111
00000000000000000000000000000000
00001111000011110000111100001111
00000000000000000000000000000000
00001111000011110000111100001111
00000000000000000000000000000000
00001111000011110000111100001111
00000000000000000000000000000000
00001111000011110000111100001111